0.891482829545 1.328151688919 1.037090639557
3.004991162549 1.270880984368 1.031754425685
5.000991424212 1.608102663192 0.932719910069
6.960024410369 1.467213409785 1.084019129902
0.917650839601 4.723189512127 0.978579983484
3.081181375056 4.701843227895 0.945202701230
4.915335830592 4.313664542402 0.945728082885
6.896515240838 4.449201114425 0.910575927294
0.937377881188 1.519968725353 2.911665083893
2.906028369595 1.697679228334 3.013070231829
4.971096877646 1.515207420270 2.900896884281
7.052697296038 1.622014891091 3.096791278785
0.913171098207 4.745301496110 3.031838445614
3.011254879961 4.683662988310 3.100000149646
5.122060359116 4.528880821694 3.073759826317
6.930794226313 4.739519083118 2.902211250922
